1710,064	93,0748682666463
2412,472	89,2346980235177
3126,104	87,1517035449172
3816,952	87,2748795748619
3816,952	87,2748795748619
4514,44	92,5164776904406
5200,296	94,8066990026195
5887,928	92,8905349146426
6560,44	93,344755084902
7259,432	91,2306795251732
7259,432	91,2306795251732
7971,504	94,1756051645645
7971,504	94,1756051645645
8700,288	92,7798084584738
8700,288	89,9854689480341
9426,92	89,9046068419171
10190,264	90,6626758553621
10946,448	91,9495376012321
11721,792	86,8607048950446
12504,712	86,8607048950446
13275,872	83,5568583702766
14000,312	86,155917367747
14804,696	87,3200701877188
15558,216	89,0542638097222
16398,36	87,2495928089504
16398,36	89,4864632734313
17222,992	90,4298464592695
18071,408	87,5572204990401
18999,272	89,7819312103345
19917,168	91,9474150324776
20767,616	87,2535513657567
21683,6	87,4688026615712
21683,6	91,6710744561719
22579,912	94,7105432708824
23465,056	93,8011009710359
24394,064	87,7219803886569
25331,488	95,6368198159226
25331,488	92,7201212085872
26269,72	92,3362083440558
27228,408	93,6300991837128
28162,664	87,6998304207826
29129,84	87,5642700351635
30083,96	87,5000646441896
30962,056	87,5000646441896
31873,752	91,3439925800449
32752,128	88,3541443175097
33632,536	88,8567521779748
34548,952	92,2333226773786
35430,696	89,7506028961055
36342,208	89,7506028961055
37230,48	88,437276146992
38121,704	92,1910744833837
38121,704	90,1286359380511
39011,568	94,8902486775517
39883,936	94,8902486775517
40771,704	90,1021104981558
40771,704	90,1021104981558
41656,56	89,5996015680727
42525,176	86,9757052264257
43368,984	89,6284293329386
43368,984	87,0066888110626
44248,712	89,865258582298
45126,8	90,2748999452775
46041,088	95,1854645322748
46041,088	93,2224709805127
46950,4	92,5662605081456
46950,4	92,5662605081456
47890,816	95,1854645322748
48838,456	94,0401039677426
49769,736	93,661116723657
50685,2	90,7869855275733
51624,608	97,8608213375744
51624,608	92,9780227237369
52523,864	92,9780227237369
52523,864	92,6487877123231
53386,36	95,2991958929248
54238,736	93,2214699259836
54238,736	95,1890694554713
55137,2	95,3780581950057
56020,608	95,3780581950057
56921,664	92,6071185429157
57813,16	95,3780581950057
58744,592	92,7286472791889
59629,464	92,6487877123231
60550,192	90,1422127726936
61457,792	88,8249304372304
62353,888	90,9622455726873
63260,568	91,6067899691278
63260,568	88,6689024808684
64138,448	84,6420163300086
64138,448	87,4348983586119
65007,096	87,19792860742
65878,84	87,19792860742
66732,432	87,3843006368193
66732,432	87,3843006368193
67576,4	82,238334633291
68367,928	85,9102192616638
68367,928	88,638937616548
69137,496	88,638937616548
69923,944	88,638937616548
70739,144	94,5569704827026
71561,112	92,3789865659133
72403,384	96,8956046791155
73299,76	93,6754449647102
74172,48	93,4678872412609
75026,464	93,2576024104129
75858,512	89,0470213178926
76661,832	94,7591757483318
77433,072	95,3006191230527
78231,392	98,7462278204786
78989,104	85,0589462283986
79790,776	96,2626493498017
80721,008	93,399265004501
81691,848	90,4572447347107
81691,848	92,5426446821264
82639,016	95,742407158279
83540,504	95,3841955529755
84453,808	89,7627698373774
84453,808	89,7627698373774
85992,952	116,560889150027
86239,88	91,4610201241079
86239,88	88,7448422975866
87085,56	89,368151823869
87088,944	89,1239186926279
87894,048	93,0180212428589
88646,744	86,9816419652084
89467,04	87,6186055202287
90337,816	93,175436862539
91190,584	90,739263446875
91190,584	92,9949953785425
92076,112	90,3600043162312
92956,752	83,9959534808316
93805,688	89,3860500671074
93868,256	96,3987848695356
94681,376	85,5821875227432
95477,672	84,9915272982126
95477,672	89,9219282132412
96277,48	85,6247391687387
97048,56	91,4281294258516
97796,12	93,8714838705226
98489,464	101,821282331303
98558,776	92,7662973738766
99333,28	92,9631657134234
100107,864	93,1354527653324
100928,056	98,0169628716573
100928,056	93,5011046910411
101760,176	96,1806161642334
102599,016	95,0785795080199
102599,016	92,9393798403488
103385,36	92,3653213049692
104195,504	92,0172724434798
104970,128	91,8114586877193
104970,128	91,6372985483035
105705,832	90,9627433721733
106458,448	94,8158572150439
107175,392	96,8837034962196
107916,192	98,5334549109609
108685,704	96,8837034962196
109453,528	98,5059780796323
110251,832	101,163237968826
111004,416	98,1237640226182
111790,864	95,9526327171097
112594,264	95,9526327171097
113392,576	90,6078481269541
114163,864	90,2553067852632
114943,16	93,936751213278
115690,984	89,6546161936333
116419,92	90,0897257317565
117152,72	90,3882841943502
117877,472	95,9650679217426
118595,56	85,2888049316123
119383,064	91,4353028743476
120202,936	91,6295112002399
120202,936	93,9805227085085
120202,936	94,1350030485595
121066,928	93,9518299670041
121885,096	96,8997012807402
121885,096	95,1739425194779
122692,952	94,0220530714649
123524,168	88,577055637617
124313,416	91,228023809371
125121,648	94,0859025480264
125889,192	98,9049228760767
126616,144	95,8617929915151
126616,144	93,7722252195171
126616,144	91,3818291080751
127385,488	93,8095503245419
128153,216	93,965122803485
128934,312	88,9466552914598
128934,312	91,6332575249949
129696,928	91,8009622745143
130464,72	92,1666341341574
131252,696	91,6675091696794
132122,44	91,6951931635458
132991,208	92,3618704739848
132991,208	91,5265421137857
133861,968	93,0965964358436
134705,744	89,9484814679647
134705,744	91,7706938209834
135498,76	93,0259815623359
136271,44	94,4914353411417
137055,896	95,5315072073849
137055,896	95,114077242242
137825,44	95,3400798190986
138654,08	95,5040665252846
139445,536	93,3848721083554
139445,536	92,578527798242
140296,24	93,5278186896853
141111,408	97,7499956938763
141886,944	97,4336959445391
142706,712	99,2674362623752
142752,328	107,509107136793
143508,096	96,1589323952797
144316,392	97,2208765920664
145063,808	92,6447927965816
145857,016	91,058848638357
146641,704	91,058848638357
147389,192	92,1824381524948
148203,912	96,9101018674512
149010,48	93,7999518361668
149010,48	96,9701983432762
149796,824	93,5106049860938
150642,464	94,3268232927076
150642,464	91,314085407952
151469,52	92,2838397548114
152255,8	99,0510080219861
153045,608	97,7614948366789
153789,784	96,5652686982123
153789,784	97,931216363126
154528,496	96,900799048773
155304,472	96,9754276399536
156031,568	100,836912457249
156031,568	94,9492975320537
157578,512	94,1680154035681
159074,784	100,05736123289
159815,504	103,745372974527
160517,352	95,2685383702426
161246,184	96,67059719654
161981,872	91,5450390853835
162710,696	86,3520426880021
163463,336	89,4588561618626
163475,176	86,6060050399196
164187,136	86,9846154890039
164982,008	81,9357153830672
165756,64	89,0380821562102
166521,12	96,7071580766035
166521,12	88,6274428349402
167275,44	95,4575024322168
167997,504	92,8399797216243
168071,912	105,933250665811
168733,112	91,6590810506642
169467,096	97,1847044445348
170209,592	100,05736123289
170209,592	92,7039096396716
170943,52	95,5430287744099
171674,168	93,2110370939516
172370,944	99,8720767107754
173104,88	96,9098445657801
173845,64	98,0841345781985
174583	96,2200737567525
175328,872	97,5006976918583
175328,872	88,8254857192403
176083,208	90,8457780164401
176829,08	94,0170158051477
177531	95,1873134675629
178290,432	93,2017164381063
178290,432	90,8528810281379
179002,472	95,0422667212628
179716,232	96,9572792345881
181130,032	96,9572792345881
181130,032	97,1776093255285
181842,08	97,0673582718438
182532,096	95,3264619356867
183957,848	96,9070142825285
184652,984	91,5937387508627
185400,56	91,4672824246845
185400,56	93,5006957719948
186124,456	89,1071415713293
186855,088	88,7767139726313
186855,088	85,519624338965
187585,688	93,2017164381063
189011,416	91,6514692961939
189699,784	93,7305541025793
190389,816	93,783973306469
191096,8	93,9550563623204
191798,696	95,7954526534781
192493,88	92,2970921978654
193207,512	94,0572323234935
193936,24	101,214297688052
194658,304	91,2634437109345
195370,232	96,5661666604124
196095,8	94,8991745127696
196785,832	96,563790916997
197497,856	93,4126127110256
197497,856	93,4126127110256
198187,92	93,3516572989494
198883,048	93,2915373759311
199578,056	95,1090985628121
200286,72	95,0076597748505
200981,832	95,2767374614898
201688,792	95,2258451197947
202395,784	98,3329705014259
202395,784	98,1156931156335
203074	97,8789730140796
203074	96,0612135911904
203792,816	99,001824890369
204482,896	92,2626550367056
205201,736	98,37151143234
205915,448	93,4121432540094
206622,408	98,3298130433301
207312,432	91,4638584118911
208041,392	93,076386255866
208772,048	83,2207367440747
209473,96	89,2238395319619
209473,96	82,9265172658674
210192,776	93,2551889223924
210882,888	89,5954835293677
211589,904	96,6321105697482
212258,008	91,4164022846032
213005,664	92,8662206783025
213683,784	92,8016683788165
215063,928	94,2652880945018
215742,152	94,4948771252306
216427,144	99,6390584161973
217118,952	96,1560021872179
217785,368	95,8932766697783
217839,488	99,7491164124139
218482,184	93,6970771793263
219222,992	91,5252623454994
219934,68	89,2175640129679
220651,6	84,5026673878003
221365,272	99,4636713887503
222087,368	87,3888538224494
222801,064	90,3859520536141
223450,472	92,1634228509558
224191,232	88,4651239357465
224854,232	90,9278731465538
225571,352	89,3421142507177
226301,968	87,7804189192374
227032,568	87,2447491857303
227739,544	93,0129149318072
228498,928	89,5864828565912
229253,272	88,9831326028912
229253,272	92,4662464945261
229948,4	95,6809219557891
230643,536	90,0414546632483
230660,456	88,9640975973793
232047,336	91,6702818379212
232732,344	93,6537297096339
233491,752	81,5869498484831
234210,544	88,4823393328119
234946,272	95,973717866865
235671,848	95,0809977468984
236400,808	96,3624903227999
237073,976	88,291440604513
237782,68	89,9722116734855
238465,976	83,2236469269616
238465,976	84,3556327455357
239179,752	91,5216037067866
239179,752	83,2808401043739
239876,584	84,2648036805159
239876,584	81,8467250579574
240585,32	91,3212434535979
241292,328	87,6267590020136
241982,4	91,2212850188186
242684,32	85,3445107775323
243386,216	87,4114550910592
243386,216	95,4547033457613
244094,896	91,1131782747373
244790,024	92,2345318974688
245838,688	81,6047895905541
246802,432	91,6905999081362
247624,344	85,9514382661957
248376,952	85,9514382661957
248376,952	82,2596496901779
249148,192	84,6002824662905
249907,6	81,7937933959158
250655,136	82,8025232231813
250655,136	73,8636947207302
251443,232	78,9115028953277
