0	0	1000928	481	1131080	97	1446968	29	1446968	29	481
0	0	1706792	457	1843256	109	2101480	51	2101480	51	457
0	0	2405912	444	2542456	117	2771048	65	2771048	65	444
0	0	3111320	451	3257672	119	3507760	59	3507760	59	451
0	0	3810392	477	3951936	116	4137768	70	4137768	70	477
0	0	4501296	495	4649368	115	4894504	58	4894504	58	495
0	0	5188808	522	5323616	112	5499648	76	5499648	76	522
0	0	5188808	522	5323616	108	5499648	68	5499648	68	522
0	0	5874792	540	6016184	112	6224880	70	6224880	70	540
0	0	5874792	540	6016184	109	6224880	62	6224880	62	540
0	0	6562112	555	6695392	106	6886032	65	6886032	65	555
0	0	7256160	567	7410776	109	7596392	69	7596392	69	567
0	0	7958344	576	8098200	105	8323568	64	8323568	64	576
0	0	8688784	574	8826880	107	9025744	69	9025744	69	574
0	0	9423640	569	9555128	109	9765624	67	9765624	67	569
0	0	10165632	560	10313712	110	10513208	67	10513208	67	560
0	0	10165632	560	10313712	114	10513208	76	10513208	76	560
0	0	10926672	540	11066776	114	11338456	64	11338456	64	540
0	0	11702072	523	11835264	118	12073816	75	12073816	75	523
0	0	12486616	514	12614936	122	12822216	78	12822216	78	514
0	0	13261072	513	13397616	122	13601976	78	13601976	78	513
0	0	14025000	515	14158320	121	14388608	72	14388608	72	515
0	0	14783320	522	14919864	120	15137080	77	15137080	77	522
0	0	15577944	523	15724312	125	15919936	82	15919936	82	523
0	0	16388496	532	16535016	127	16754104	88	16754104	88	532
0	0	16388496	532	16535016	126	16754104	85	16754104	85	532
0	0	17208184	538	17347952	124	17561672	87	17561672	87	538
0	0	18061552	530	18217736	127	18403528	89	18403528	89	530
0	0	18061552	530	18217736	130	18403528	96	18403528	96	530
0	0	18977888	512	19132416	141	19328160	104	19328160	104	512
0	0	19897432	513	20053704	134	20247720	96	20247720	96	513
0	0	20787352	511	20958384	131	21168856	91	21168856	91	511
0	0	21673760	512	21825000	132	22068424	94	22068424	94	512
0	0	21673760	512	21825000	131	22068424	91	22068424	91	512
0	0	22556920	519	22724736	129	22935224	94	22935224	94	519
0	0	23460136	515	23654160	129	23808744	96	23808744	96	515
0	0	24377640	504	24533936	129	24736416	97	24736416	97	504
0	0	25306824	493	25478056	127	25652672	92	25652672	92	493
0	0	25306824	493	25478056	130	25652672	97	25652672	97	493
0	0	26240088	479	26401592	120	26591192	84	26591192	84	479
0	0	26240088	479	26401592	124	26591192	92	26591192	92	479
0	0	27202088	458	27363424	128	27574008	98	27574008	98	458
0	0	28179104	442	28325408	125	28534192	93	28534192	93	442
0	0	29128216	437	29279496	122	29450512	90	29450512	90	437
0	0	30057672	451	30251688	121	30394776	90	30394776	90	451
0	0	30962096	487	31158104	115	31316112	84	31316112	84	487
0	0	31863904	512	32039936	113	32212624	83	32212624	83	512
0	0	31863904	512	32039936	112	32212624	80	32212624	80	512
0	0	32750496	519	32901880	108	33104528	76	33104528	76	519
0	0	33644072	516	33800336	109	34001112	78	34001112	78	516
0	0	34539096	519	34702056	114	34892792	81	34892792	81	519
0	0	35432360	516	35616560	117	35818920	80	35818920	80	516
0	0	36334000	512	36500112	119	36702504	86	36702504	86	512
0	0	37220608	511	37394888	121	37562664	87	37562664	87	511
0	0	38110208	510	38271360	123	38504840	86	38504840	86	510
0	0	38110208	510	38271360	123	38504840	86	38504840	86	510
0	0	38991848	510	39138472	123	39370568	87	39370568	87	510
0	0	39867480	504	40017112	124	40229232	87	40229232	87	504
0	0	40753640	503	40914736	128	41161640	83	41161640	83	503
0	0	40753640	503	40914736	129	41161640	84	41161640	84	503
0	0	41638480	500	41791408	127	41992080	90	41992080	90	500
0	0	42512032	499	42663272	133	42888600	91	42888600	91	499
0	0	43373920	512	43562952	129	43720752	96	43720752	96	512
0	0	43373920	512	43562952	126	43720752	91	43720752	91	512
0	0	44235576	525	44399960	126	44577544	96	44577544	96	525
0	0	45105440	528	45299504	128	45455640	96	45455640	96	528
0	0	46011480	526	46179152	125	46414256	83	46414256	83	526
0	0	46011480	526	46179152	127	46414256	88	46414256	88	526
0	0	46937256	514	47096720	127	47287368	93	47287368	93	514
0	0	47864520	502	48029000	130	48224720	98	48224720	98	502
0	0	48812208	479	48985060	135	49179560	102	49179560	102	479
0	0	49753288	464	49949160	134	50122016	100	50122016	100	464
0	0	50693448	443	50879472	129	51037464	98	51037464	98	443
0	0	51604888	451	51784080	120	51958720	94	51958720	94	451
0	0	51604888	451	51784080	115	51958720	84	51958720	84	451
0	0	52492568	475	52673736	110	52853320	80	52853320	80	475
0	0	53356776	502	53569272	109	53727232	79	53727232	79	502
0	0	54232168	521	54436160	105	54586056	73	54586056	73	521
0	0	54232168	521	54436160	106	54586056	74	54586056	74	521
0	0	55110872	518	55306696	106	55487608	75	55487608	75	518
0	0	56002512	515	56158824	106	56379168	74	56379168	74	515
0	0	56898672	511	57115744	113	57257160	80	57257160	80	511
0	0	57806600	510	58020456	113	58165304	81	58165304	81	510
0	0	58724872	500	58904120	119	59094904	84	59094904	84	500
0	0	59634424	483	59803760	111	59991352	75	59991352	75	483
0	0	60537064	470	60736040	132	60908744	95	60908744	95	470
0	0	61446280	481	61630472	118	61845936	79	61845936	79	481
0	0	61446280	481	61630472	118	61845936	79	61845936	79	481
0	0	62344040	482	62516992	118	62704612	83	62704612	83	482
0	0	63235912	488	63406920	116	63599280	82	63599280	82	488
0	0	64117096	485	64316040	117	64473920	84	64473920	84	485
0	0	64117096	485	64316040	116	64473920	83	64473920	83	485
0	0	64995592	488	65175000	118	65342680	82	65342680	82	488
0	0	65865712	496	66041680	117	66237416	82	66237416	82	496
0	0	66729208	501	66891568	116	67062392	86	67062392	86	501
0	0	66729208	501	66891568	113	67062392	80	67062392	80	501
0	0	67568104	516	67752464	108	67940176	70	67940176	70	516
0	0	68363008	527	68538912	102	68733416	65	68733416	65	527
0	0	69146112	527	69303400	100	69528344	64	69528344	64	527
0	0	69930864	520	70111832	103	70321536	63	70321536	63	520
0	0	70729144	524	70881368	102	71079232	67	71079232	67	524
0	0	71537584	513	71701640	102	71872472	71	71872472	71	513
0	0	72383248	502	72545632	106	72762128	72	72762128	72	502
0	0	73276232	487	73447056	112	73663544	74	73663544	74	487
0	0	74148952	487	74312976	107	74517600	73	74517600	73	487
0	0	75016472	485	75173752	107	75373328	74	75373328	74	485
0	0	75853592	501	76022696	103	76210424	71	76210424	71	501
0	0	76656912	514	76837880	97	77007016	66	77007016	66	514
0	0	77436608	524	77588840	92	77781648	62	77781648	62	524
0	0	78207864	534	78393920	97	78542752	65	78542752	65	534
0	0	78979112	546	79163448	96	79322432	67	79322432	67	546
0	0	79784168	552	79971920	101	80166416	70	80166416	70	552
0	0	80702560	528	80891992	116	81072968	85	81072968	85	528
0	0	81688616	510	81884800	119	82048904	88	82048904	88	510
0	0	82617184	503	82786312	109	82990968	77	82990968	77	503
0	0	83525440	494	83728392	114	83885680	82	83885680	82	494
0	0	84437048	487	84634944	118	84817608	85	84817608	85	487
0	0	85330088	486	85514440	118	85730936	81	85730936	81	486
0	0	85330088	486	85514440	117	85730936	80	85730936	80	486
0	0	86228200	489	86404096	115	86556312	88	86556312	88	489
0	0	87073880	490	87271760	112	87427360	77	87427360	77	490
0	0	87867128	505	88041344	107	88246008	70	88246008	70	505
0	0	88658736	517	88831256	110	89027448	75	89027448	75	517
0	0	89479032	523	89666784	111	89871464	74	89871464	74	523
0	0	90321080	518	90494880	114	90685624	82	90685624	82	518
0	0	91178896	513	91371464	117	91521912	85	91521912	85	513
0	0	92054288	505	92235192	121	92432920	85	92432920	85	505
0	0	92956904	500	93137848	124	93313736	86	93313736	86	500
0	0	93812608	496	93998592	119	94194728	82	94194728	82	496
0	0	93812608	496	93998592	120	94194728	84	94194728	84	496
0	0	94678144	491	94850624	122	95036640	85	95036640	85	491
0	0	95501472	498	95670520	118	95861616	84	95861616	84	498
0	0	95501472	498	95670520	115	95861616	78	95861616	78	498
0	0	96282712	510	96468736	111	96673376	71	96673376	71	510
0	0	97045328	528	97219528	106	97424160	66	97424160	66	528
0	0	97792888	543	97972168	103	98121008	74	98121008	74	543
0	0	98536960	546	98711112	105	98939416	64	98939416	64	546
0	0	98536960	546	98711112	106	98939416	67	98939416	67	546
0	0	99316512	541	99490688	109	99654752	75	99654752	75	541
0	0	100104640	531	100300824	111	100444592	78	100444592	78	531
0	0	100916376	526	101093968	105	101283392	65	101283392	65	526
0	0	100916376	526	101093968	110	101283392	75	101283392	75	526
0	0	101745112	504	101926056	119	102142528	80	102142528	80	504
0	0	102580560	493	102753072	115	102939120	76	102939120	76	493
0	0	102580560	493	102753072	117	102939120	80	102939120	80	493
0	0	103397348	484	103590168	118	103744080	81	103744080	81	484
0	0	104185504	486	104352968	112	104545768	74	104545768	74	486
0	0	104955056	486	105119104	113	105352504	73	105352504	73	486
0	0	104955056	486	105119104	111	105352504	68	105352504	68	486
0	0	105700912	496	105880176	108	106039160	72	106039160	72	496
0	0	106431536	507	106610816	102	106839080	60	106839080	60	507
0	0	107158656	518	107331152	98	107474904	71	107474904	71	518
0	0	107916336	518	108080392	96	108227528	67	108227528	67	518
0	0	108670624	515	108838056	94	109025776	62	109025776	62	515
0	0	109433392	503	109612664	96	109771648	63	109771648	63	503
0	0	110218160	493	110388984	96	110627456	60	110627456	60	493
0	0	111002888	489	111173688	97	111344512	66	111344512	66	489
0	0	111791024	487	111978768	103	112166512	66	112166512	66	487
0	0	112577496	492	112760168	103	112929304	71	112929304	71	492
0	0	113370744	491	113563560	109	113722552	73	113722552	73	491
0	0	114160632	503	114334872	106	114525984	68	114525984	68	503
0	0	114926440	509	115115328	107	115265528	76	115265528	76	509
0	0	115677616	523	115865184	105	116037064	69	116037064	69	523
0	0	116408248	541	116610808	106	116757704	72	116757704	72	541
0	0	117137680	559	117338664	110	117473848	79	117473848	79	559
0	0	117137680	559	117338664	107	117473848	75	117473848	75	559
0	0	117859016	568	118068624	105	118213888	70	118213888	70	568
0	0	118602480	566	118795192	109	118957448	73	118957448	73	566
0	0	119373080	557	119580992	110	119731488	76	119731488	76	557
0	0	120186176	540	120384000	111	120558160	68	120558160	68	540
0	0	120186176	540	120384000	117	120558160	79	120558160	79	540
0	0	121040056	515	121266528	121	121406864	84	121406864	84	515
0	0	121880176	500	122078024	106	122255592	67	122255592	67	500
0	0	121880176	500	122078024	110	122255592	74	122255592	74	500
0	0	122694784	484	122884024	115	123069880	79	123069880	79	484
0	0	123524320	474	123728752	119	123879224	83	123879224	83	474
0	0	124323728	476	124541872	112	124682224	76	124682224	76	476
0	0	125096432	480	125297664	105	125432936	74	125432936	74	480
0	0	125862288	491	126058448	103	126198744	73	126198744	73	491
0	0	126612920	503	126807344	104	126988296	71	126988296	71	503
0	0	126612920	503	126807344	101	126988296	66	126988296	66	503
0	0	127368736	513	127561520	103	127732336	70	127732336	70	513
0	0	128136472	518	128341096	106	128481448	76	128481448	76	518
0	0	128912480	518	129115368	108	129252344	79	129252344	79	518
0	0	129685240	518	129894960	109	130030240	77	130030240	77	518
0	0	130442880	521	130652608	113	130803136	82	130803136	82	521
0	0	131257904	520	131482376	124	131605664	92	131605664	92	520
0	0	132105704	517	132320264	128	132474120	93	132474120	93	517
0	0	132971072	506	133184128	127	133343008	93	133343008	93	506
0	0	133843528	500	134061656	129	134202024	93	134202024	93	500
0	0	134690688	506	134888552	127	135086392	91	135086392	91	506
0	0	134690688	506	134888552	123	135086392	82	135086392	82	506
0	0	135492152	524	135708616	126	135865808	87	135865808	87	524
0	0	136268216	548	136493008	123	136662056	85	136662056	85	548
0	0	137035752	574	137259008	123	137412920	86	137412920	86	574
0	0	137817136	582	138030248	122	138179088	89	138179088	89	582
0	0	138647464	553	138858880	117	139022920	84	139022920	84	553
0	0	139469368	530	139689240	107	139851600	67	139851600	67	530
0	0	139469368	530	139689240	113	139851600	78	139851600	78	530
0	0	140286240	507	140506112	113	140636344	79	140636344	79	507
0	0	141087880	495	141299288	106	141437976	75	141437976	75	495
0	0	141887088	485	142091560	102	142253880	68	142253880	68	485
0	0	142684904	473	142909664	102	143051712	70	143051712	70	473
0	0	143493040	458	143712840	102	143871816	66	143871816	66	458
0	0	144289480	455	144499152	95	144658096	61	144658096	61	455
0	0	145069032	459	145278752	101	145446200	65	145446200	65	459
0	0	145840256	472	146061824	109	146242808	71	146242808	71	472
0	0	146626648	487	146853216	110	146980048	79	146980048	79	487
0	0	147401192	501	147622688	112	147756208	77	147756208	77	501
0	0	148192216	507	148412008	112	148547264	78	148547264	78	507
0	0	148995400	509	149205088	109	149394480	69	149394480	69	509
0	0	149803736	512	150018544	112	150167368	76	150167368	76	512
0	0	150625712	506	150840504	117	151002872	81	151002872	81	506
0	0	150625712	506	150840504	118	151002872	82	151002872	82	506
0	0	151459528	504	151662496	119	151816280	84	151816280	84	504
0	0	152262712	510	152472432	116	152624656	76	152624656	76	510
0	0	153022080	522	153219968	109	153368800	75	153368800	75	522
0	0	153778096	529	153997968	119	154155288	80	154155288	80	529
0	0	154540472	546	154755160	117	154937744	77	154937744	77	546
0	0	155302936	544	155507584	110	155681784	70	155681784	70	544
0	0	156048640	534	156265112	108	156402112	69	156402112	69	534
0	0	156048640	534	156265112	112	156402112	76	156402112	76	534
0	0	156801272	520	157020832	111	157166192	73	157166192	73	520
0	0	157568520	512	157783200	106	157916736	72	157916736	72	512
0	0	158317352	508	158530368	103	158675824	67	158675824	67	508
0	0	159049592	510	159267728	102	159421608	66	159421608	66	510
0	0	159049592	510	159267728	103	159421608	68	159421608	68	510
0	0	159788608	506	159998288	101	160150480	66	160150480	66	506
0	0	160512432	501	160727184	99	160904728	60	160904728	60	501
0	0	161236192	502	161456056	102	161582912	69	161582912	69	502
0	0	161970184	509	162193408	103	162332096	68	162332096	68	509
0	0	162717616	511	162944264	99	163086328	63	163086328	63	511
0	0	163453344	506	163674904	103	163813600	66	163813600	66	506
0	0	163453344	506	163674904	103	163813600	66	163813600	66	506
0	0	164205888	505	164427440	108	164562736	71	164562736	71	505
0	0	164975392	504	165195280	107	165342424	71	165342424	71	504
0	0	165741568	503	165949608	113	166159320	65	166159320	65	503
0	0	166500976	503	166714096	106	166911992	59	166911992	59	503
0	0	166500976	503	166714096	106	166911992	60	166911992	60	503
0	0	167253648	502	167449720	101	167615416	64	167615416	64	502
0	0	167992584	503	168209024	113	168361240	74	168361240	74	503
0	0	168733256	514	168954800	111	169118840	70	169118840	70	514
0	0	169472320	525	169685432	108	169854568	66	169854568	66	525
0	0	170197904	522	170409272	111	170546248	77	170546248	77	522
0	0	170923376	525	171150016	109	171302240	63	171302240	63	525
0	0	170923376	525	171150016	111	171302240	66	171302240	66	525
0	0	171652344	519	171862072	111	171999072	74	171999072	74	519
0	0	172355872	515	172568976	106	172722848	67	172722848	67	515
0	0	173083056	511	173269088	105	173446680	67	173446680	67	511
0	0	173822120	500	174033512	107	174199264	67	174199264	67	500
0	0	174566240	491	174781048	112	174941728	70	174941728	70	491
0	0	175323952	488	175552280	117	175670680	80	175670680	80	488
0	0	175323952	488	175552280	115	175670680	76	175670680	76	488
0	0	176081664	496	176315072	116	176428392	79	176428392	79	496
0	0	176822472	503	177038960	110	177169200	69	177169200	69	503
0	0	177553144	521	177762888	106	177901568	69	177901568	69	521
0	0	178275368	533	178481728	111	178618720	76	178618720	76	533
0	0	178987408	538	179195440	97	179332432	66	179332432	66	538
0	0	179692712	541	179909208	99	180041136	65	180041136	65	541
0	0	179692712	541	179909208	102	180276224	21	180529816	83	541
0	0	180406416	530	180638048	100	180758104	66	180758104	66	530
0	0	181120040	524	181339904	94	181668024	22	181920032	77	524
0	0	181810096	514	182018136	94	182158520	65	182158520	65	514
0	0	182518712	516	182736896	97	183097144	22	183349136	78	516
0	0	183234128	514	183443856	100	183621440	58	183621440	58	514
0	0	183936008	502	184157584	100	184291192	66	184291192	66	502
0	0	184649752	503	184857784	101	185047216	60	185047216	60	503
0	0	185373648	500	185600288	106	185750816	70	185750816	70	500
0	0	186109392	495	186341088	106	186510208	65	186510208	65	495
0	0	186845096	495	187071696	112	187206976	76	187206976	76	495
0	0	187568920	500	187805704	109	187925792	70	187925792	70	500
0	0	188291112	514	188514360	109	188644576	74	188644576	74	514
0	0	188999736	524	189214536	106	189348152	71	189348152	71	524
0	0	189694864	529	189916432	109	190258064	24	190511744	87	529
0	0	190386592	535	190606464	112	190731624	77	190731624	77	535
0	0	191085120	531	191301592	110	191482568	67	191482568	67	531
0	0	191781936	531	192015352	109	192358688	22	192612456	87	531
0	0	192478800	534	192705400	109	192833896	74	192833896	74	534
0	0	193200896	525	193420776	105	193728392	34	193982032	52	525
0	0	193914416	515	194129168	105	194264464	73	194264464	73	515
0	0	193914416	515	194129168	109	194264464	79	194264464	79	515
0	0	194636456	503	194856288	109	195028800	68	195028800	68	503
0	0	195350096	500	195581792	112	195710336	74	195710336	74	500
0	0	196067200	503	196300608	120	196432528	81	196432528	81	503
0	0	196780912	516	197000768	113	197281520	41	197535216	42	516
0	0	197479400	525	197694200	111	198057840	19	198309840	93	525
0	0	198171160	528	198392720	114	198500968	84	198500968	84	528
0	0	198867976	526	199070888	115	199236600	73	199236600	73	526
0	0	199562992	516	199782864	113	199909712	82	199909712	82	516
0	0	200264888	511	200474600	110	200653880	71	200653880	71	511
0	0	200971840	497	201198456	116	201514744	30	201768432	84	497
0	0	201670336	488	201910504	121	202030592	80	202030592	80	488
0	0	202373952	494	202590440	107	202905024	26	203158728	77	494
0	0	202373952	494	202590440	107	202905024	26	203158728	77	494
0	0	203058936	494	203283888	106	203598464	33	203852176	64	494
0	0	203058936	494	203283888	106	203598464	33	203852176	64	494
0	0	203781128	494	204009464	111	204122776	78	204122776	78	494
0	0	204484736	495	204723208	104	204934656	52	204934656	52	495
0	0	205198504	501	205413296	105	205770144	22	206022160	83	501
0	0	205896992	507	206120248	111	206243712	72	206243712	72	507
0	0	206607336	508	206832256	106	206954048	75	206954048	75	508
0	0	207312584	501	207539224	112	207716816	64	207716816	64	501
0	0	208046624	494	208269888	113	208396728	80	208396728	80	494
0	0	208763744	500	208988696	118	209112168	80	209112168	80	500
0	0	209475808	511	209707520	122	209824224	87	209824224	87	511
0	0	209475808	511	209707520	117	209824224	80	209824224	80	511
0	0	210181080	526	210402656	104	210494016	81	210494016	81	526
0	0	210866120	518	211070792	115	211207800	81	211207800	81	518
0	0	211574832	510	211801504	113	212141464	22	212395176	81	510
0	0	212278456	509	212493272	105	212664096	63	212664096	63	509
0	0	212992280	505	213215456	95	213316920	68	213316920	68	505
0	0	213680560	502	213900424	93	214211632	24	214463656	66	502
0	0	214363848	499	214607424	96	214866192	31	215119880	59	499
0	0	215047160	501	215258576	95	215439544	60	215439544	60	501
0	0	215732152	500	215945264	95	216078880	65	216078880	65	500
0	0	216412080	504	216642120	89	216753768	63	216753768	63	504
0	0	217103888	504	217328840	95	217584240	35	217837952	41	504
0	0	217785520	504	218002040	101	218362280	17	218615960	86	504
0	0	218477264	506	218698840	108	218903480	55	218903480	55	506
0	0	219206232	492	219434568	110	219564800	81	219564800	81	492
0	0	219936512	498	220166432	114	220274680	88	220274680	88	498
0	0	220644984	504	220871592	113	221027192	71	221027192	71	504
0	0	220644984	504	220871592	112	221027192	69	221027192	69	504
0	0	221355280	508	221573368	111	221698528	86	221698528	86	508
0	0	222080752	501	222322608	113	222588120	42	222841808	50	501
0	0	222780928	508	222994032	109	223107352	87	223107352	87	508
0	0	223479368	503	223711056	111	223858208	73	223858208	73	503
0	0	224181240	518	224384200	98	224732608	17	224986312	89	518
0	0	224847616	516	225075952	115	225333024	51	225333024	51	516
0	0	225552912	521	225776152	109	225982488	56	225982488	56	521
0	0	226286904	507	226518600	123	226653880	81	226653880	81	507
0	0	227005664	510	227215384	105	227343936	78	227343936	78	510
0	0	227726160	512	227954480	120	228299512	36	228553216	62	512
0	0	228488944	498	228727416	129	228835664	97	228835664	97	498
0	0	229241584	512	229454704	111	229708392	46	229708392	46	512
0	0	229936720	526	230158288	111	230266528	89	230266528	89	526
0	0	230638616	509	230868632	115	230993792	81	230993792	81	509
0	0	231333744	505	231516424	105	231776880	57	231776880	57	505
0	0	232035648	501	232258912	116	232372224	84	232372224	84	501
0	0	232727424	508	232937152	113	233067384	79	233067384	79	508
0	0	233480064	493	233696544	124	233787872	106	233787872	106	493
0	0	234220848	500	234442392	119	234777288	32	235030992	75	500
0	0	234943048	497	235156144	117	235291456	86	235291456	86	497
0	0	235660160	498	235859736	107	236162488	37	236162488	37	498
0	0	236380672	485	236605616	109	236805216	55	236805216	55	485
0	0	237070752	500	237297400	116	237530784	52	237530784	52	500
0	0	237777760	502	237975648	102	238366336	12	238620064	96	502
0	0	238455984	512	238689408	117	238794288	88	238794288	88	512
0	0	239166376	493	239403176	121	239595984	63	239595984	63	493
0	0	239864904	497	240059400	114	240177808	91	240177808	91	497
0	0	240573640	497	240790144	111	241064152	45	241064152	45	497
0	0	241277248	508	241502208	103	241656128	63	241656128	63	508
0	0	241277248	508	241502208	105	241656128	66	241656128	66	508
0	0	241969024	503	242192296	113	242412160	62	242412160	62	503
0	0	241969024	503	242192296	112	242412160	60	242412160	60	503
0	0	242687856	507	242907728	103	243244304	15	243497992	84	507
0	0	243382984	508	243607936	118	243726328	92	243726328	92	508
0	0	244100120	502	244335216	108	244619360	39	244873056	72	502
0	0	244790184	493	245010048	128	245160576	99	245160576	99	493
0	0	245823616	459	246046752	152	246236152	116	246236152	116	459
0	0	246785664	470	247041048	145	247157696	100	247157696	100	470
0	0	247624496	499	247839304	115	247952600	85	247952600	85	499
0	0	248373728	501	248600352	128	248816856	86	248816856	86	501
0	0	248373728	501	248600352	127	248816856	84	248816856	84	501
0	0	249138200	505	249358064	134	249495072	100	249495072	100	505
0	0	249892528	507	250117480	137	250232480	101	250232480	101	507
0	0	250640064	505	250878544	136	251208320	51	251208320	51	505
0	0	251431544	510	251649728	113	251769808	86	251769808	86	510
0	0	251431544	510	251649728	120	251769808	98	251769808	98	510
0	0	252221384	483	252441248	139	252664512	93	252664512	93	483
0	0	253347800	442	253593072	173	253687784	147	253687784	147	442
0	0	254391256	452	254639840	168	254700728	157	254700728	157	452
0	0	255343408	482	255593736	175	255674912	158	255674912	158	482
0	0	256385256	470	256638952	176	256782664	118	256852016	125	470
0	0	257261328	497	257496424	140	257604664	115	257604664	115	497
0	0	257985216	521	258206808	116	258342112	84	258342112	84	521
0	0	258653312	522	258849504	93	259032168	43	259032168	43	522
0	0	259274024	519	259483752	81	259745912	17	259996232	81	519
0	0	259884608	493	260087552	84	260471488	-15	260715040	77	493
0	0	259884608	493	260087552	84	260471488	-16	260715040	75	493
